Iteration	CPUTime	PhysTime	Travels	Value	AvValue	MinValue	MaxValue	Delta	Criteria	Progress	CriteriaType	CriteriaVarType	CriteriaPercentage
1	38	0	0.00611182721	293.2	293.2	293.2	293.2	0	0	0	0	0	0	3
2	43	0	0.0122236544	293.2	293.2	293.2	293.2	5.00222086e-12	0	0	0	0	0	3
3	46	0	0.0183354816	293.2	293.2	293.2	293.2	6.99174052e-12	0	0	0	0	0	3
4	50	0	0.0244473089	293.2	293.2	293.2	293.2	8.18545232e-12	0	0	0	0	0	3
5	53	0	0.0305591361	293.2	293.2	293.2	293.2	8.69704309e-12	0	0	0	0	0	3
6	57	0	0.0366709633	293.2	293.2	293.2	293.2	8.81072992e-12	0	0	0	0	0	3
7	60	0	0.0427827905	293.2	293.2	293.2	293.2	9.32232069e-12	0	0	0	0	0	3
8	63	0	0.0488946177	293.2	293.2	293.2	293.2	9.77706804e-12	0	0	0	0	0	3
9	66	0	0.0550064449	293.2	293.2	293.2	293.2	9.89075488e-12	0	0	0	0	0	3
10	69	0	0.0611182721	293.2	293.2	293.2	293.2	1.02318154e-11	0	0	0	0	0	3
11	73	0	0.0672300994	293.2	293.2	293.2	293.2	1.04023457e-11	0	0	0	0	0	3
12	76	0	0.0733419266	293.2	293.2	293.2	293.2	1.04023457e-11	0	0	0	0	0	3
13	79	0	0.0794537538	293.2	293.2	293.2	293.2	1.04023457e-11	0	0	0	0	0	3
14	81	0	0.085565581	293.2	293.2	293.2	293.2	1.04023457e-11	0	0	0	0	0	3
15	84	0	0.0916774082	293.2	293.2	293.2	293.2	1.04023457e-11	0	0	0	0	0	3
16	88	0	0.0977892354	293.2	293.2	293.2	293.2	1.04023457e-11	0	0	0	0	0	3
17	91	0	0.103901063	293.2	293.2	293.2	293.2	1.04023457e-11	0	0	0	0	0	3
18	94	0	0.11001289	293.2	293.2	293.2	293.2	1.04023457e-11	0	0	0	0	0	3
19	97	0	0.116124717	293.2	293.2	293.2	293.2	1.04023457e-11	0	0	0	0	0	3
20	100	0	0.122236544	293.2	293.2	293.2	293.2	1.04023457e-11	0	0	0	0	0	3
21	104	0	0.128348371	293.2	293.2	293.2	293.2	1.04023457e-11	0	0	0	0	0	3
22	107	0	0.134460199	293.2	293.2	293.2	293.2	1.04023457e-11	0	0	0	0	0	3
23	110	0	0.140572026	293.2	293.2	293.2	293.2	1.04023457e-11	0	0	0	0	0	3
24	113	0	0.146683853	293.2	293.2	293.2	293.2	1.04023457e-11	0	0	0	0	0	3
25	116	0	0.15279568	293.2	293.2	293.2	293.2	1.04023457e-11	0	0	0	0	0	3
26	120	0	0.158907508	293.2	293.2	293.2	293.2	1.04023457e-11	0	0	0	0	0	3
27	123	0	0.165019335	293.2	293.2	293.2	293.2	1.04023457e-11	0	0	0	0	0	3
28	126	0	0.171131162	293.2	293.2	293.2	293.2	1.04023457e-11	0	0	0	0	0	3
29	129	0	0.177242989	293.2	293.2	293.2	293.2	1.04023457e-11	0	0	0	0	0	3
30	132	0	0.183354816	293.2	293.2	293.2	293.2	1.04023457e-11	0	0	0	0	0	3
31	136	0	0.189466644	293.2	293.2	293.2	293.2	1.04023457e-11	0	0	0	0	0	3
32	145	0	0.195578471	293.2	293.2	293.2	293.2	1.04023457e-11	0	0	0	0	0	3
33	148	0	0.201690298	293.2	293.2	293.2	293.2	1.04023457e-11	0	0	0	0	0	3
34	151	0	0.207802125	293.2	293.2	293.2	293.2	1.04023457e-11	0	0	0	0	0	3
35	155	0	0.213913952	293.2	293.2	293.2	293.2	1.04023457e-11	0	0	0	0	0	3
36	158	0	0.22002578	293.2	293.2	293.2	293.2	1.04023457e-11	0	0	0	0	0	3
37	167	0	0.226137607	293.2	293.2	293.2	293.2	1.04023457e-11	0	0	0	0	0	3
38	170	0	0.232249434	293.2	293.2	293.2	293.2	1.04023457e-11	0	0	0	0	0	3
39	186	0	0.238361261	293.2	293.2	293.2	293.2	1.04023457e-11	0	0	0	0	0	3
40	196	0	0.244473089	293.2	293.2	293.2	293.2	1.04023457e-11	0	0	0	0	0	3
41	200	0	0.250584916	293.2	293.2	293.2	293.2	1.04023457e-11	0	0	0	0	0	3
42	203	0	0.256696743	293.2	293.2	293.2	293.2	1.04023457e-11	0	0	0	0	0	3
43	206	0	0.26280857	293.2	293.2	293.2	293.2	1.04023457e-11	0	0	0	0	0	3
44	208	0	0.268920397	293.2	293.2	293.2	293.2	1.04023457e-11	0	0	0	0	0	3
45	211	0	0.275032225	293.2	293.2	293.2	293.2	1.04023457e-11	0	0	0	0	0	3
46	214	0	0.281144052	293.2	293.2	293.2	293.2	1.04023457e-11	0	0	0	0	0	3
47	217	0	0.287255879	293.2	293.2	293.2	293.2	1.04023457e-11	0	0	0	0	0	3
48	220	0	0.293367706	293.2	293.2	293.2	293.2	1.04023457e-11	0	0	0	0	0	3
49	223	0	0.299479533	293.2	293.2	293.2	293.2	1.04023457e-11	0	0	0	0	0	3
50	226	0	0.305591361	293.2	293.2	293.2	293.2	1.04023457e-11	0	0	0	0	0	3
51	229	0	0.311703188	293.2	293.2	293.2	293.2	1.04023457e-11	0	0	0	0	0	3
52	232	0	0.317815015	293.2	293.2	293.2	293.2	1.04023457e-11	0	0	0	0	0	3
53	235	0	0.323926842	293.2	293.2	293.2	293.2	1.04023457e-11	0	0	0	0	0	3
54	247	0	0.33003867	293.2	293.2	293.2	293.2	1.04023457e-11	0	0	0	0	0	3
55	250	0	0.336150497	293.2	293.2	293.2	293.2	1.04023457e-11	0	0	0	0	0	3
56	253	0	0.342262324	293.2	293.2	293.2	293.2	1.04023457e-11	0	0	0	0	0	3
57	256	0	0.348374151	293.2	293.2	293.2	293.2	1.04023457e-11	0	0	0	0	0	3
58	259	0	0.354485978	293.2	293.2	293.2	293.2	1.04023457e-11	0	0	0	0	0	3
59	262	0	0.360597806	293.2	293.2	293.2	293.2	1.04591891e-11	0	0	0	0	0	3
60	264	0	0.366709633	293.2	293.2	293.2	293.2	1.0857093e-11	0	0	0	0	0	3
61	268	0	0.37282146	293.2	293.2	293.2	293.2	1.13118404e-11	0	0	0	0	0	3
62	270	0	0.378933287	293.2	293.2	293.2	293.2	1.17665877e-11	0	0	0	0	0	3
63	273	0	0.385045114	293.2	293.2	293.2	293.2	1.22213351e-11	0	0	0	0	0	3
64	276	0	0.391156942	293.2	293.2	293.2	293.2	1.26760824e-11	0	0	0	0	0	3
65	279	0	0.397268769	293.2	293.2	293.2	293.2	1.31308298e-11	0	0	0	0	0	3
66	282	0	0.403380596	293.2	293.2	293.2	293.2	1.35855771e-11	0	0	0	0	0	3
67	285	0	0.409492423	293.2	293.2	293.2	293.2	1.3983481e-11	0	0	0	0	0	3
68	288	0	0.415604251	293.2	293.2	293.2	293.2	1.44950718e-11	0	0	0	0	0	3
69	290	0	0.421716078	293.2	293.2	293.2	293.2	1.49498192e-11	0	0	0	0	0	3
70	293	0	0.427827905	293.2	293.2	293.2	293.2	1.54045665e-11	0	0	0	0	0	3
71	297	0	0.433939732	293.2	293.2	293.2	293.2	1.58593139e-11	0	0	0	0	0	3
72	299	0	0.440051559	293.2	293.2	293.2	293.2	1.63709046e-11	0	0	0	0	0	3
73	302	0	0.446163387	293.2	293.2	293.2	293.2	1.68824954e-11	0	0	0	0	0	3
74	305	0	0.452275214	293.2	293.2	293.2	293.2	1.73940862e-11	0	0	0	0	0	3
75	308	0	0.458387041	293.2	293.2	293.2	293.2	1.79056769e-11	0	0	0	0	0	3
76	311	0	0.464498868	293.2	293.2	293.2	293.2	1.84172677e-11	0	0	0	0	0	3
77	314	0	0.470610695	293.2	293.2	293.2	293.2	1.88720151e-11	0	0	0	0	0	3
78	316	0	0.476722523	293.2	293.2	293.2	293.2	1.94404493e-11	0	0	0	0	0	3
79	319	0	0.48283435	293.2	293.2	293.2	293.2	1.995204e-11	0	0	0	0	0	3
80	322	0	0.488946177	293.2	293.2	293.2	293.2	2.05204742e-11	0	0	0	0	0	3
81	331	0	0.495058004	293.2	293.2	293.2	293.2	2.09752216e-11	0	0	0	0	0	3
82	334	0	0.501169832	293.2	293.2	293.2	293.2	2.15436557e-11	0	0	0	0	0	3
83	337	0	0.507281659	293.2	293.2	293.2	293.2	2.22257768e-11	0	0	0	0	0	3
84	339	0	0.513393486	293.2	293.2	293.2	293.2	2.29647412e-11	0	0	0	0	0	3
85	342	0	0.519505313	293.2	293.2	293.2	293.2	2.37605491e-11	0	0	0	0	0	3
86	346	0	0.52561714	293.2	293.2	293.2	293.2	2.46700438e-11	0	0	0	0	0	3
87	349	0	0.531728968	293.2	293.2	293.2	293.2	2.54658516e-11	0	0	0	0	0	3
88	351	0	0.537840795	293.2	293.2	293.2	293.2	2.63185029e-11	0	0	0	0	0	3
89	354	0	0.543952622	293.2	293.2	293.2	293.2	2.72848411e-11	0	0	0	0	0	3
90	357	0	0.550064449	293.2	293.2	293.2	293.2	2.82511792e-11	0	0	0	0	0	3
91	360	0	0.556176276	293.2	293.2	293.2	293.2	2.91606739e-11	0	0	0	0	0	3
92	363	0	0.562288104	293.2	293.2	293.2	293.2	3.0127012e-11	0	0	0	0	0	3
93	366	0	0.568399931	293.2	293.2	293.2	293.2	3.10365067e-11	0	0	0	0	0	3
94	368	0	0.574511758	293.2	293.2	293.2	293.2	3.20028448e-11	0	0	0	0	0	3
95	371	0	0.580623585	293.2	293.2	293.2	293.2	3.29123395e-11	0	0	0	0	0	3
96	375	0	0.586735413	293.2	293.2	293.2	293.2	3.38218342e-11	0	0	0	0	0	3
97	377	0	0.59284724	293.2	293.2	293.2	293.2	3.47881723e-11	0	0	0	0	0	3
98	380	0	0.598959067	293.2	293.2	293.2	293.2	3.57545105e-11	0	0	0	0	0	3
99	382	0	0.605070894	293.2	293.2	293.2	293.2	3.67208486e-11	0	0	0	0	0	3
100	385	0	0.611182721	293.2	293.2	293.2	293.2	3.77440301e-11	0	0	0	0	0	3
101	394	0	0.617294549	293.2	293.2	293.2	293.2	3.88240551e-11	0	0	0	0	0	3
102	397	0	0.623406376	293.2	293.2	293.2	293.2	3.990408e-11	0	0	0	0	0	3
103	400	0	0.629518203	293.2	293.2	293.2	293.2	4.07567313e-11	0	0	0	0	0	3
104	402	0	0.63563003	293.2	293.2	293.2	293.2	4.17230694e-11	0	0	0	0	0	3
105	405	0	0.641741857	293.2	293.2	293.2	293.2	4.26894076e-11	0	0	0	0	0	3
106	408	0	0.647853685	293.2	293.2	293.2	293.2	4.35989023e-11	0	0	0	0	0	3
107	411	0	0.653965512	293.2	293.2	293.2	293.2	4.4508397e-11	0	0	0	0	0	3
108	414	0	0.660077339	293.2	293.2	293.2	293.2	4.55315785e-11	0	0	0	0	0	3
109	417	0	0.666189166	293.2	293.2	293.2	293.2	4.64410732e-11	0	0	0	0	0	3
110	420	0	0.672300994	293.2	293.2	293.2	293.2	4.74074113e-11	0	0	0	0	0	3
111	423	0	0.678412821	293.2	293.2	293.2	293.2	4.8316906e-11	0	0	0	0	0	3
112	426	0	0.684524648	293.2	293.2	293.2	293.2	4.9396931e-11	0	0	0	0	0	3
113	428	0	0.690636475	293.2	293.2	293.2	293.2	5.02495823e-11	0	0	0	0	0	3
114	431	0	0.696748302	293.2	293.2	293.2	293.2	5.12159204e-11	0	0	0	0	0	3
115	434	0	0.70286013	293.2	293.2	293.2	293.2	5.21254151e-11	0	0	0	0	0	3
116	437	0	0.708971957	293.2	293.2	293.2	293.2	5.30349098e-11	0	0	0	0	0	3
117	440	0	0.715083784	293.2	293.2	293.2	293.2	5.40580913e-11	0	0	0	0	0	3
118	443	0	0.721195611	293.2	293.2	293.2	293.2	5.4967586e-11	0	0	0	0	0	3
119	446	0	0.727307438	293.2	293.2	293.2	293.2	5.58770807e-11	0	0	0	0	0	3
120	448	0	0.733419266	293.2	293.2	293.2	293.2	5.6729732e-11	0	0	0	0	0	3
121	452	0	0.739531093	293.2	293.2	293.2	293.2	5.76392267e-11	0	0	0	0	0	3
122	454	0	0.74564292	293.2	293.2	293.2	293.2	5.8491878e-11	0	0	0	0	0	3
123	457	0	0.751754747	293.2	293.2	293.2	293.2	5.93445293e-11	0	0	0	0	0	3
124	460	0	0.757866575	293.2	293.2	293.2	293.2	6.03108674e-11	0	0	0	0	0	3
125	462	0	0.763978402	293.2	293.2	293.2	293.2	6.11635187e-11	0	0	0	0	0	3
126	465	0	0.770090229	293.2	293.2	293.2	293.2	6.20730134e-11	0	0	0	0	0	3
127	468	0	0.776202056	293.2	293.2	293.2	293.2	6.29256647e-11	0	0	0	0	0	3
128	471	0	0.782313883	293.2	293.2	293.2	293.2	6.36646291e-11	0	0	0	0	0	3
129	473	0	0.788425711	293.2	293.2	293.2	293.2	6.4460437e-11	0	0	0	0	0	3
130	476	0	0.794537538	293.2	293.2	293.2	293.2	6.51994014e-11	0	0	0	0	0	3
131	480	0	0.800649365	293.2	293.2	293.2	293.2	6.59952093e-11	0	0	0	0	0	3
132	482	0	0.806761192	293.2	293.2	293.2	293.2	6.67341737e-11	0	0	0	0	0	3
133	485	0	0.812873019	293.2	293.2	293.2	293.2	6.74731382e-11	0	0	0	0	0	3
134	488	0	0.818984847	293.2	293.2	293.2	293.2	6.81552592e-11	0	0	0	0	0	3
135	490	0	0.825096674	293.2	293.2	293.2	293.2	6.88942237e-11	0	0	0	0	0	3
136	494	0	0.831208501	293.2	293.2	293.2	293.2	6.96331881e-11	0	0	0	0	0	3
137	496	0	0.837320328	293.2	293.2	293.2	293.2	7.02584657e-11	0	0	0	0	0	3
138	499	0	0.843432156	293.2	293.2	293.2	293.2	7.09405867e-11	0	0	0	0	0	3
139	502	0	0.849543983	293.2	293.2	293.2	293.2	7.16227078e-11	0	0	0	0	0	3
140	504	0	0.85565581	293.2	293.2	293.2	293.2	7.23048288e-11	0	0	0	0	0	3
141	508	0	0.861767637	293.2	293.2	293.2	293.2	7.30437932e-11	0	0	0	0	0	3
142	510	0	0.867879464	293.2	293.2	293.2	293.2	7.36690708e-11	0	0	0	0	0	3
143	513	0	0.873991292	293.2	293.2	293.2	293.2	7.42943485e-11	0	0	0	0	0	3
144	516	0	0.880103119	293.2	293.2	293.2	293.2	7.49196261e-11	0	0	0	0	0	3
145	518	0	0.886214946	293.2	293.2	293.2	293.2	7.56017471e-11	0	0	0	0	0	3
146	522	0	0.892326773	293.2	293.2	293.2	293.2	7.61133379e-11	0	0	0	0	0	3
147	524	0	0.8984386	293.2	293.2	293.2	293.2	7.6681772e-11	0	0	0	0	0	3
148	527	0	0.904550428	293.2	293.2	293.2	293.2	7.73638931e-11	0	0	0	0	0	3
149	530	0	0.910662255	293.2	293.2	293.2	293.2	7.79323273e-11	0	0	0	0	0	3
150	532	0	0.916774082	293.2	293.2	293.2	293.2	7.8443918e-11	0	0	0	0	0	3
151	536	0	0.922885909	293.2	293.2	293.2	293.2	7.90691956e-11	0	0	0	0	0	3
152	538	0	0.928997737	293.2	293.2	293.2	293.2	7.96376298e-11	0	0	0	0	0	3
153	541	0	0.935109564	293.2	293.2	293.2	293.2	8.0206064e-11	0	0	0	0	0	3
154	544	0	0.941221391	293.2	293.2	293.2	293.2	8.07176548e-11	0	0	0	0	0	3
155	547	0	0.947333218	293.2	293.2	293.2	293.2	8.12292456e-11	0	0	0	0	0	3
156	550	0	0.953445045	293.2	293.2	293.2	293.2	8.17976797e-11	0	0	0	0	0	3
157	553	0	0.959556873	293.2	293.2	293.2	293.2	8.22524271e-11	0	0	0	0	0	3
158	556	0	0.9656687	293.2	293.2	293.2	293.2	8.27640179e-11	0	0	0	0	0	3
159	558	0	0.971780527	293.2	293.2	293.2	293.2	8.3332452e-11	0	0	0	0	0	3
160	561	0	0.977892354	293.2	293.2	293.2	293.2	8.31050784e-11	0	0	0	0	0	3
161	564	0	0.984004181	293.2	293.2	293.2	293.2	7.89555088e-11	0	0	0	0	0	3
162	567	0	0.990116009	293.2	293.2	293.2	293.2	8.17976797e-11	0	0	0	0	0	3
163	570	0	0.996227836	293.2	293.2	293.2	293.2	8.36735126e-11	0	0	0	0	0	3
164	572	0	1.00233966	293.2	293.2	293.2	293.2	8.08313416e-11	2.932e-06	0	100	0	0	3
